0	899.06678	0.11621278	-5.0086419	-4.8924291	34.091739	-87.203913	134.39897	55.080164	-176.1759	146.37097	4.8272067	171.24752	48.600263	359.53544	0.0441904022771364	0
100	899.95292	0.11632732	-5.0087416	-4.8924143	-28.363753	180.38136	-208.73297	-56.739651	97.001311	213.34797	-16.626836	171.24752	48.600263	359.60735	0.0530073900676337	2.00008099340645E-4
200	903.9225	0.11684042	-5.0092392	-4.8923987	-171.08154	-281.4262	-109.89253	-121.92588	155.09034	204.85272	112.49614	171.24752	48.600263	359.67925	0.0513345473065297	3.99988385011587E-4
300	902.72332	0.11668542	-5.0090681	-4.8923826	-403.53214	-482.25404	-412.81471	-315.52767	-153.39522	74.608992	-26.502129	171.24752	48.600263	359.75116	0.0332323652529981	5.99996484352232E-4
400	903.96462	0.11684587	-5.009212	-4.8923661	-597.94373	-561.74667	-459.05922	-773.0253	-125.7452	374.48034	-143.1885	171.24752	48.600263	359.82307	0.0778800368799782	8.00004583692719E-4
500	902.90715	0.11670918	-5.0090575	-4.8923483	-794.7001	-930.99112	-727.54931	-725.55986	68.140172	29.553557	28.282598	171.24752	48.600263	359.89498	0.0246467989978673	0.00100001268303336
600	903.02312	0.11672417	-5.0090551	-4.892331	-1004.5264	-924.83215	-1005.4495	-1083.2976	-77.734573	117.28617	-91.123491	171.24752	48.600263	359.96688	0.0321157260540746	0.00119999296870431
700	902.4227	0.11664656	-5.0089589	-4.8923123	-1129.7341	-1107.441	-1040.8835	-1240.8778	69.828574	-10.429683	-18.682557	171.24752	48.600263	360.03879	0.0217066912829428	0.00140000106804495
800	902.06675	0.11660055	-5.0088941	-4.8922936	-1286.7664	-1136.2572	-1182.6852	-1541.3569	74.631129	82.71742	-83.661628	171.24752	48.600263	360.1107	0.0453527372004138	0.0016000091673856
900	902.78302	0.11669313	-5.0089675	-4.8922744	-1482.1519	-1424.4174	-1514.2743	-1507.764	-93.288485	102.96871	-54.980061	171.24752	48.600263	360.1826	0.027297612796146	0.00179998945305638
1000	903.019	0.11672364	-5.0089782	-4.8922546	-1739.7287	-1726.1461	-1578.4708	-1914.5692	124.49644	64.593364	55.702853	171.24752	48.600263	360.25451	0.0391739898641122	0.00199999755239703
1100	900.93294	0.11645399	-5.0086879	-4.8922339	-1925.8429	-1675.0837	-1747.324	-2355.121	187.07035	59.591347	47.276482	171.24752	48.600263	360.32642	0.0735450724267173	0.00220000565173767
1200	904.5808	0.11692551	-5.0091387	-4.8922132	-2152.9939	-1932.3788	-1977.0115	-2549.5915	96.666814	-60.929218	0.25483034	171.24752	48.600263	360.39832	0.0628145193053602	0.00239998593740861
1300	901.04753	0.11646881	-5.0086595	-4.8921907	-2358.2708	-2009.2577	-2193.9768	-2871.5778	243.98486	104.91371	20.711609	171.24752	48.600263	360.47023	0.0911769408257392	0.00259999403674926
1400	903.99697	0.11685005	-5.009019	-4.892169	-2482.7228	-2106.1162	-2376.5119	-2965.5402	151.415	246.4812	-115.53622	171.24752	48.600263	360.54214	0.093296469263401	0.0028000021360899
1500	899.93336	0.11632479	-5.0084709	-4.8921461	-2693.4072	-2468.1283	-2372.608	-3239.4854	102.78814	172.1482	-125.27067	171.24752	48.600263	360.61405	0.0919497429194246	0.00300001023543055
1600	902.40416	0.11664416	-5.0087671	-4.892123	-2910.5691	-2490.5149	-2759.9598	-3481.2325	103.54247	217.10227	-50.302513	171.24752	48.600263	360.68595	0.0984038837268923	0.00319999052110133
1700	899.09228	0.11621607	-5.0083151	-4.892099	-2945.1904	-2774.2534	-2586.6873	-3474.6304	-14.893782	126.61937	-91.909762	171.24752	48.600263	360.75786	0.0855091258347117	0.00339999862044198
1800	902.01286	0.11659358	-5.0086686	-4.892075	-3197.8944	-2961.6933	-2882.047	-3749.9428	67.094675	126.53072	101.88274	171.24752	48.600263	360.82977	0.0884950567835785	0.00360000671978262
1900	900.33104	0.11637619	-5.0084263	-4.8920501	-3403.9551	-2996.599	-3139.5819	-4075.6843	51.261734	155.32273	116.71382	171.24752	48.600263	360.90167	0.107317452783622	0.00379998700545357
2000	899.54415	0.11627448	-5.0082994	-4.8920249	-3544.0671	-3132.211	-3362.0747	-4137.9158	214.34087	-108.74924	-90.797754	171.24752	48.600263	360.97358	0.101545177622543	0.00399999510479421
2100	898.87264	0.11618768	-5.0081876	-4.8919999	-3808.0773	-3382.8815	-3784.445	-4256.9053	221.39869	96.106323	-20.425656	171.24752	48.600263	361.04549	0.086614536649329	0.0042000032041347
2200	902.28506	0.11662877	-5.0086036	-4.8919749	-3991.3824	-3533.5708	-3793.679	-4646.8974	50.12571	-122.07331	-21.720543	171.24752	48.600263	361.1174	0.103500041763596	0.00440001130347534
2300	900.53805	0.11640295	-5.0083508	-4.8919478	-4137.8841	-3789.8437	-3627.1446	-4996.664	18.915847	90.814288	-149.94582	171.24752	48.600263	361.1893	0.13313531292252	0.00459999158914629
2400	898.30853	0.11611477	-5.0080358	-4.891921	-4284.464	-3907.6704	-3867.2613	-5078.4604	25.55863	134.56156	8.5265367	171.24752	48.600263	361.26121	0.121498605924877	0.00479999968848693
2500	897.56732	0.11601896	-5.0079126	-4.8918936	-4399.4969	-4055.5495	-4044.6611	-5098.2801	0.15124685	74.711915	55.692161	171.24752	48.600263	361.33312	0.106057046246613	0.00500000778782758
2600	897.46832	0.11600616	-5.0078718	-4.8918656	-4666.7429	-4310.5176	-4198.5856	-5491.1256	157.41511	20.325075	-59.52761	171.24752	48.600263	361.40502	0.127464519818889	0.00519998807349836
2700	899.71425	0.11629647	-5.0081342	-4.8918378	-4810.6987	-4449.9941	-4398.3852	-5583.7166	195.80187	-42.465388	60.078123	171.24752	48.600263	361.47693	0.1215628891435	0.005399996172839
2800	896.4786	0.11587823	-5.0076869	-4.8918087	-4928.3402	-4537.4524	-4447.4769	-5800.0912	165.38465	89.695876	-35.971484	171.24752	48.600263	361.54884	0.135130786521588	0.00560000427217965
2900	899.23041	0.11623393	-5.0080133	-4.8917794	-5063.0371	-4814.0601	-4498.4225	-5876.6288	118.50425	35.352642	-36.281523	171.24752	48.600263	361.62075	0.127039134739309	0.00580001237152029
3000	897.2442	0.11597719	-5.0077274	-4.8917502	-5323.4972	-5051.5554	-4686.9033	-6232.033	-47.450203	38.183651	-177.27082	171.24752	48.600263	361.69265	0.143609377480228	0.00599999265719124
3100	895.43472	0.1157433	-5.0074633	-4.89172	-5351.881	-4797.7555	-5080.8845	-6177.0031	-23.517882	114.29988	-148.00341	171.24752	48.600263	361.76456	0.130328379412834	0.00620000075653188
3200	895.00555	0.11568782	-5.0073767	-4.8916889	-5618.1635	-4916.9819	-5204.6522	-6732.8562	73.54102	33.826956	60.601732	171.24752	48.600263	361.83647	0.169954587679324	0.00640000885587253
3300	897.94694	0.11606803	-5.0077259	-4.8916579	-5984.9988	-5553.854	-5448.9686	-6952.1738	137.16283	90.337947	-5.5414439	171.24752	48.600263	361.90837	0.148120845058338	0.00659998914154331
3400	895.44874	0.11574511	-5.0073708	-4.8916257	-6001.1996	-5504.2826	-5395.5503	-7103.7657	4.7231051	169.03603	123.3871	171.24752	48.600263	361.98028	0.169574287437974	0.00679999724088396
3500	894.59977	0.11563537	-5.0072291	-4.8915938	-6134.8024	-5651.2146	-5626.6378	-7126.5547	43.760525	163.90251	-92.188802	171.24752	48.600263	362.05219	0.152490166093593	0.0070000053402246
3600	893.47763	0.11549033	-5.007052	-4.8915617	-6376.6966	-5664.7638	-6028.3847	-7436.9414	-106.37813	-25.801112	-11.142222	171.24752	48.600263	362.12409	0.163240659734392	0.00719998562589554
3700	895.31916	0.11572836	-5.007257	-4.8915287	-6497.8528	-6092.6208	-5812.6265	-7588.3112	37.984533	17.433511	-25.526758	171.24752	48.600263	362.196	0.165573754429215	0.00739999372523619
3800	895.09095	0.11569886	-5.007194	-4.8914951	-6847.2074	-6175.52	-6205.5908	-8160.5115	-20.781171	216.60972	-177.84703	171.24752	48.600263	362.26791	0.202937156975565	0.00760000182457668
3900	896.88568	0.11593085	-5.0073919	-4.8914611	-6946.7492	-6258.7865	-6443.7119	-8137.7493	-64.668687	293.85673	25.376102	171.24752	48.600263	362.33982	0.186835865622798	0.00780000992391732
