0	400.33399	0.051746907	-5.0879945	-5.0362476	9.3701803	73.706362	-26.299874	-19.295947	53.369266	105.11639	40.018486	170.19322	48.309548	357.6421	0.0236320768603869	0
100	399.91029	0.051692138	-5.0879328	-5.0362406	-72.714023	6.3786294	26.035145	-250.55585	73.040831	236.29459	-138.29126	170.19322	48.309548	357.71363	0.0558870155016146	2.00004417824399E-4
200	400.25734	0.051736998	-5.0879702	-5.0362332	-395.39498	-333.9391	-354.05165	-498.1942	-28.61161	180.13615	-95.799807	170.19322	48.309548	357.78516	0.0389122653728964	4.00008835648799E-4
300	400.00951	0.051704964	-5.08793	-5.036225	-489.11036	-448.04038	-488.57755	-530.71316	-2.8797856	193.08001	-76.863965	170.19322	48.309548	357.85669	0.0367036088134461	6.00013253473198E-4
400	400.64894	0.051787616	-5.0880038	-5.0362162	-699.13963	-502.50111	-609.87513	-985.04266	-29.71418	123.84598	-3.4341799	170.19322	48.309548	357.92822	0.0491183016801181	8.00017671297598E-4
500	399.74383	0.051670622	-5.0878775	-5.0362069	-951.46339	-973.62386	-653.24305	-1227.5233	4.5384972	146.6534	-209.35944	170.19322	48.309548	357.99974	0.0666731462375975	9.99994128207911E-4
600	400.01414	0.051705563	-5.0879026	-5.036197	-1172.3098	-1228.6299	-858.09136	-1430.2081	121.59996	85.189238	-45.204391	170.19322	48.309548	358.07127	0.0569988303694503	0.00119999854603247
700	399.93252	0.051695013	-5.0878815	-5.0361865	-1467.4411	-1459.2327	-1239.3006	-1703.7901	161.31501	87.975707	63.743565	170.19322	48.309548	358.1428	0.0524824669868634	0.00140000296385687
800	400.0936	0.051715833	-5.0878911	-5.0361753	-1560.019	-1386.7782	-1186.0475	-2107.2314	84.29846	103.95507	-144.53468	170.19322	48.309548	358.21433	0.0905744010156152	0.00160000738168127
900	399.55367	0.051646043	-5.0878094	-5.0361634	-1737.5946	-1599.433	-1463.3356	-2150.0152	94.695385	182.54077	21.193796	170.19322	48.309548	358.28586	0.0724436822385798	0.00180001179950567
1000	399.39314	0.051625292	-5.0877761	-5.0361508	-2012.0004	-1808.2528	-1716.6177	-2511.1307	76.506937	159.43865	12.836779	170.19322	48.309548	358.35739	0.081311679734507	0.00200001621733007
1100	400.02365	0.051706792	-5.0878448	-5.036138	-2153.0964	-1970.9254	-1729.5492	-2758.8144	-160.30765	168.95955	-93.227189	170.19322	48.309548	358.42891	0.102860136921917	0.00219999267424038
1200	400.03701	0.051708519	-5.0878332	-5.0361247	-2326.9207	-2108.8742	-1885.0503	-2986.8375	24.367147	198.75481	68.115798	170.19322	48.309548	358.50044	0.107314336280769	0.00239999709206494
1300	399.72947	0.051668766	-5.0877792	-5.0361104	-2632.0269	-2194.2486	-2270.6122	-3431.22	66.064712	238.6272	-140.69091	170.19322	48.309548	358.57197	0.129798851066521	0.00260000150988934
1400	398.5139	0.051511643	-5.0876071	-5.0360954	-2759.4916	-2346.4343	-2396.4622	-3535.5783	27.074608	239.72141	-56.978874	170.19322	48.309548	358.6435	0.124153692025292	0.00280000592771374
1500	399.63914	0.051657091	-5.0877376	-5.0360805	-2991.6696	-2597.8595	-2579.4325	-3797.717	106.29473	125.76573	-59.183241	170.19322	48.309548	358.71503	0.124658011481131	0.00300001034553814
1600	398.49153	0.051508751	-5.0875733	-5.0360645	-3169.1541	-2909.7119	-2593.294	-4004.4566	-30.468754	129.45483	27.627562	170.19322	48.309548	358.78656	0.130396848645218	0.00320001476336254
1700	399.24416	0.051606036	-5.0876542	-5.0360482	-3357.8587	-2821.3853	-2869.9774	-4382.2133	77.504557	179.39171	29.254693	170.19322	48.309548	358.85809	0.157474875279853	0.00340001918118694
1800	398.61736	0.051525016	-5.0875561	-5.0360311	-3495.3236	-3094.371	-2989.3724	-4402.2273	30.230461	97.54973	-14.409299	170.19322	48.309548	358.92961	0.137504482340859	0.00359999563809741
1900	398.88112	0.05155911	-5.0875729	-5.0360138	-3703.7707	-3317.4822	-3120.507	-4673.3228	68.359687	171.30702	-162.11455	170.19322	48.309548	359.00114	0.152481828626259	0.00380000005592181
2000	398.84402	0.051554313	-5.0875501	-5.0359958	-3984.9726	-3631.4565	-3400.3953	-4923.066	-18.282629	14.129166	-40.909355	170.19322	48.309548	359.07267	0.142362481769359	0.00400000447374621
2100	397.80884	0.051420506	-5.0873975	-5.035977	-4188.0014	-3648.0909	-3622.5489	-5293.3643	86.266196	75.887909	-169.62553	170.19322	48.309548	359.1442	0.169573628874797	0.00420000889157061
2200	399.31318	0.051614956	-5.0875729	-5.0359579	-4370.9903	-3847.895	-3743.0635	-5522.0123	125.25224	276.80162	-151.6277	170.19322	48.309548	359.21573	0.182621276898436	0.00440001330939501
2300	399.95297	0.051697656	-5.0876359	-5.0359382	-4594.3474	-4122.46	-3900.6913	-5759.8909	155.06674	121.70374	36.258315	170.19322	48.309548	359.28726	0.179276568869914	0.00460001772721941
2400	399.47854	0.051636331	-5.0875544	-5.0359181	-4708.4951	-4223.1713	-3964.673	-5937.6411	14.718504	66.354782	-43.863642	170.19322	48.309548	359.35878	0.186253759878572	0.00479999418412988
2500	399.14666	0.051593432	-5.0874906	-5.0358972	-4858.8614	-4266.5713	-4075.8475	-6234.1655	112.81571	112.86991	21.972414	170.19322	48.309548	359.43031	0.208828128472981	0.00499999860195428
2600	398.68321	0.051533527	-5.0874091	-5.0358756	-5144.8693	-4421.1857	-4469.0493	-6544.373	51.220281	160.67744	-132.24784	170.19322	48.309548	359.50184	0.213222477707836	0.00520000301977868
2700	398.27997	0.051481405	-5.0873349	-5.0358535	-5281.4749	-4577.8269	-4659.4275	-6607.1705	72.616265	154.74116	-12.945597	170.19322	48.309548	359.57337	0.201182883005237	0.00540000743760308
2800	399.07555	0.051584241	-5.0874155	-5.0358313	-5580.1441	-4995.7083	-4863.414	-6881.31	-2.1640714	96.971403	-99.341862	170.19322	48.309548	359.6449	0.196984284134492	0.00560001185542748
2900	398.1958	0.051470526	-5.0872787	-5.0358081	-5723.3117	-4902.519	-5023.5318	-7243.8843	70.992525	95.102167	-54.615812	170.19322	48.309548	359.71643	0.229445029559225	0.00580001627325188
3000	397.72061	0.051409102	-5.0871933	-5.0357842	-6002.2519	-5241.3216	-5161.9793	-7603.4549	-9.0836307	81.349927	3.9724571	170.19322	48.309548	359.78795	0.24069762177538	0.00599999273016235
3100	398.45748	0.051504349	-5.0872642	-5.0357599	-6125.6057	-5412.7991	-5240.2021	-7723.8157	134.3574	190.0551	-76.523935	170.19322	48.309548	359.85948	0.243916958924671	0.00619999714798675
3200	397.90024	0.051432321	-5.0871673	-5.035735	-6275.8166	-5588.1529	-5304.828	-7934.4688	32.605752	-19.580454	-105.23965	170.19322	48.309548	359.93101	0.250754996128848	0.00640000156581115
3300	398.04507	0.051451042	-5.0871608	-5.0357098	-6589.2034	-5773.3726	-5712.0699	-8282.1678	96.532997	13.240968	55.507073	170.19322	48.309548	360.00254	0.254741681970702	0.00660000598363555
3400	398.02734	0.051448751	-5.0871323	-5.0356836	-6724.6758	-5810.9846	-5761	-8602.0427	57.754888	94.34619	-179.67573	170.19322	48.309548	360.07407	0.283999541256512	0.00680001040145995
3500	398.02487	0.051448431	-5.0871052	-5.0356568	-6949.6137	-6139.379	-5834.8668	-8874.5952	84.560647	179.13957	27.648289	170.19322	48.309548	360.1456	0.292011294778804	0.00700001481928435
3600	397.41672	0.051369821	-5.0869992	-5.0356294	-7042.6978	-6091.5613	-6017.0429	-9019.489	92.780376	126.67741	-55.915968	170.19322	48.309548	360.21713	0.297990669805808	0.00720001923710875
3700	396.58429	0.051262222	-5.0868637	-5.0356014	-7269.4643	-6268.6829	-6317.1459	-9222.564	126.29158	54.884314	-86.725979	170.19322	48.309548	360.28865	0.294347722013683	0.00739999569401922
3800	397.95753	0.051439727	-5.087013	-5.0355733	-7572.737	-6541.0241	-6571.7877	-9605.3993	36.617653	89.945166	-134.4895	170.19322	48.309548	360.36018	0.30626174362572	0.00760000011184362
3900	396.7767	0.051287094	-5.0868313	-5.0355442	-7726.6018	-6619.9317	-6705.5162	-9854.3576	89.888738	-34.026638	-130.20208	170.19322	48.309548	360.43171	0.320477610615232	0.00780000452966802
