0 300.5537 0.038849372 -5.1020751 -5.0632257 -8.4656907 -29.738444 19.258958 -14.917586 51.104373 141.87303 18.257327 170.00837 48.265061 357.315 0.026667
100 300.78208 0.038878893 -5.1021097 -5.0632308 219.11455 228.6645 264.59862 164.08052 140.77063 146.52461 -73.850054 170.00837 48.265061 357.24353 0.038471
200 300.70101 0.038868414 -5.1021039 -5.0632355 386.57895 221.27568 503.58782 434.87337 -87.213435 59.892188 -56.620432 170.00837 48.265061 357.17207 0.0328969
300 300.51612 0.038844515 -5.1020838 -5.0632393 671.10309 470.99251 620.78491 921.53186 -3.6836044 90.296137 -106.13709 170.00837 48.265061 357.10061 0.0465008
400 300.55267 0.038849239 -5.1020917 -5.0632425 904.6235 698.92322 859.74417 1155.2031 75.815453 116.26553 -51.587502 170.00837 48.265061 357.02914 0.0475874
500 300.94972 0.038900561 -5.1021455 -5.063245 1013.2371 793.46246 1026.3274 1219.9216 82.237184 77.327822 -162.02728 170.00837 48.265061 356.95768 0.0503758
600 300.57022 0.038851508 -5.1020983 -5.0632468 1291.6604 1102.6134 1134.1686 1638.1993 80.046778 82.430216 -15.500553 170.00837 48.265061 356.88622 0.055792
700 300.89038 0.038892891 -5.1021409 -5.063248 1480.1778 1255.0857 1271.6632 1913.7844 112.56512 111.31432 -26.125398 170.00837 48.265061 356.81476 0.0707441
800 301.64488 0.038990418 -5.1022391 -5.0632487 1708.2635 1380.6867 1551.9692 2192.1347 71.41043 205.07894 -13.419368 170.00837 48.265061 356.74329 0.0831149
900 301.67458 0.038994257 -5.1022428 -5.0632486 1893.8885 1568.2984 1675.7005 2437.6666 17.162871 85.340597 30.291904 170.00837 48.265061 356.67183 0.0836331
1000 301.38946 0.038957402 -5.1022054 -5.063248 2116.6827 1757.2455 1888.9007 2703.902 -35.507044 137.06714 2.1561144 170.00837 48.265061 356.60037 0.0921422
1100 300.65458 0.038862412 -5.102109 -5.0632466 2342.189 1976.9763 2235.1182 2814.4725 90.571632 185.83092 -25.355299 170.00837 48.265061 356.5289 0.0825822
1200 301.17959 0.038930274 -5.1021753 -5.063245 2606.2398 2112.5644 2407.3615 3298.7935 99.982436 44.051877 -54.050578 170.00837 48.265061 356.45744 0.109038
1300 301.58925 0.038983226 -5.102226 -5.0632428 2685.5147 2332.8354 2352.333 3371.3757 100.51212 82.049165 -68.472697 170.00837 48.265061 356.38598 0.105984
1400 300.77065 0.038877414 -5.1021171 -5.0632397 2943.977 2360.5444 2616.0815 3855.3051 -37.753582 146.73544 -17.275051 170.00837 48.265061 356.31451 0.140975
1500 301.68735 0.038995906 -5.1022318 -5.0632359 3257.2397 2737.2347 2882.9682 4151.5161 13.481159 65.181367 -129.2238 170.00837 48.265061 356.24305 0.137066
1600 300.92656 0.038897567 -5.1021292 -5.0632316 3408.9181 2930.0997 3027.4078 4269.2468 -11.769425 136.86882 27.312481 170.00837 48.265061 356.17159 0.13158
1700 301.74391 0.039003218 -5.1022301 -5.0632269 3552.4517 3017.4104 3228.6677 4411.277 125.89682 140.43814 3.833131 170.00837 48.265061 356.10013 0.134156
1800 300.58743 0.038853732 -5.1020751 -5.0632214 3805.5206 3205.0458 3448.6625 4762.8534 -19.142753 153.28887 -58.577192 170.00837 48.265061 356.02866 0.147936
1900 302.05866 0.039043903 -5.1022595 -5.0632156 4024.6344 3379.2537 3563.6642 5130.9853 139.33744 99.341022 -80.893809 170.00837 48.265061 355.9572 0.169912
2000 301.88599 0.039021583 -5.1022305 -5.0632089 4237.38 3562.2023 3788.7346 5361.2032 -35.957755 194.19445 -91.937076 170.00837 48.265061 355.88574 0.173855
2100 302.07976 0.03904663 -5.1022482 -5.0632015 4421.1136 3784.8135 3879.8398 5598.6874 82.49181 134.27073 10.994467 170.00837 48.265061 355.81427 0.178932
2200 301.67659 0.038994516 -5.1021884 -5.0631939 4619.8603 3980.2932 4049.5482 5829.7396 -52.355627 233.28213 12.735431 170.00837 48.265061 355.74281 0.186256
2300 301.91523 0.039025363 -5.1022105 -5.0631851 4888.2999 4120.1365 4248.0913 6296.6719 47.361561 181.08488 26.736102 170.00837 48.265061 355.67135 0.214066
2400 302.25725 0.039069572 -5.1022453 -5.0631758 5133.1272 4347.526 4554.2926 6497.563 107.57254 226.84247 -88.349899 170.00837 48.265061 355.59988 0.210555
2500 302.33501 0.039079622 -5.1022455 -5.0631659 5303.3877 4618.8716 4686.2107 6605.0808 38.561884 101.95019 -139.53314 170.00837 48.265061 355.52842 0.197734
2600 301.71692 0.038999729 -5.1021551 -5.0631553 5536.0004 4684.9081 4901.8721 7021.221 67.389775 20.587361 -32.442066 170.00837 48.265061 355.45696 0.223977
2700 302.35015 0.03908158 -5.102226 -5.0631444 5748.7677 4933.6828 5063.7189 7248.9015 27.257776 119.62064 -36.774016 170.00837 48.265061 355.3855 0.226391
2800 302.23973 0.039067308 -5.1022 -5.0631326 5971.0623 5105.2375 5153.0815 7654.8678 -1.1206572 248.16001 -73.149587 170.00837 48.265061 355.31403 0.256549
2900 302.84023 0.039144928 -5.1022652 -5.0631203 6161.3758 5245.3341 5496.9568 7741.8365 77.186556 72.982729 -34.497268 170.00837 48.265061 355.24257 0.238853
3000 301.83083 0.039014453 -5.1021217 -5.0631072 6453.8593 5456.1849 5656.5952 8248.7979 34.471271 165.86994 -29.26228 170.00837 48.265061 355.17111 0.271438
3100 302.41771 0.039090313 -5.102184 -5.0630937 6591.0563 5805.6745 5725.2279 8242.2664 42.287967 90.587053 -3.520591 170.00837 48.265061 355.09964 0.248385
3200 302.10175 0.039049471 -5.102129 -5.0630795 6793.2379 5871.4358 5864.4636 8643.8144 155.19342 208.92786 -46.364783 170.00837 48.265061 355.02818 0.281338
3300 302.04744 0.039042452 -5.1021072 -5.0630648 7045.9919 6145.4775 6116.9916 8875.5065 -5.7443949 182.1615 66.077385 170.00837 48.265061 354.95672 0.276485
3400 302.45522 0.039095161 -5.1021445 -5.0630494 7263.033 6293.9117 6220.7064 9274.4809 55.139388 66.369879 -0.86760865 170.00837 48.265061 354.88525 0.302154
3500 302.73261 0.039131017 -5.1021643 -5.0630333 7451.6631 6337.7345 6554.9705 9462.2845 95.058757 217.52675 -27.125352 170.00837 48.265061 354.81379 0.305
3600 302.13225 0.039053414 -5.1020698 -5.0630164 7728.2885 6702.4749 6640.5529 9841.8377 19.646481 140.63199 -75.115272 170.00837 48.265061 354.74233 0.318296
3700 302.96913 0.039161589 -5.1021608 -5.0629992 7915.3197 6710.2551 7001.1734 10034.531 73.585391 208.02914 -41.974063 170.00837 48.265061 354.67087 0.321243
3800 302.44426 0.039093744 -5.1020749 -5.0629811 8206.6532 7060.6197 7259.9793 10299.361 40.718342 94.84941 -85.942726 170.00837 48.265061 354.5994 0.31524
3900 303.96534 0.039290358 -5.1022528 -5.0629624 8353.3802 7072.7197 7308.0634 10679.357 134.40651 87.046749 -34.14127 170.00837 48.265061 354.52794 0.35064
