0 500.14693 0.064648661 -5.073435 -5.0087863 -29.890912 13.978253 -126.029 22.37801 -28.382287 46.461529 16.219656 170.37486 48.36219 357.99511 0.017473
100 500.84867 0.064739368 -5.0735343 -5.0087949 290.95548 334.81496 253.50487 284.54662 14.514345 139.75238 -155.45292 170.37486 48.36219 357.92351 0.0369827
200 501.68913 0.064848004 -5.0736508 -5.0088028 438.68587 307.63057 329.86566 678.56136 95.276667 209.98538 -44.638391 170.37486 48.36219 357.85191 0.0543441
300 499.9782 0.064626851 -5.0734363 -5.0088095 723.70109 497.53732 625.21027 1048.3557 46.497503 152.5262 23.197875 170.37486 48.36219 357.78031 0.0572075
400 501.22699 0.064788268 -5.0736043 -5.0088161 929.86585 859.79061 772.02188 1157.785 87.552917 116.26223 -116.25711 170.37486 48.36219 357.70871 0.0476186
500 500.90537 0.064746696 -5.0735684 -5.0088217 1148.7732 825.0562 1152.7283 1468.5352 3.4110315 123.43276 -103.6073 170.37486 48.36219 357.63711 0.0623321
600 501.03485 0.064763433 -5.0735904 -5.008827 1301.3319 982.86756 1187.1541 1733.9739 60.729077 166.53344 -67.765059 170.37486 48.36219 357.56551 0.0748661
700 502.06608 0.064896729 -5.0737284 -5.0088317 1407.268 1133.4357 1259.3075 1829.0608 28.784348 67.036649 -52.508392 170.37486 48.36219 357.49391 0.0660619
800 502.5183 0.064955182 -5.0737907 -5.0088355 1651.1468 1267.9284 1400.9817 2284.5304 59.810302 -27.167813 42.385016 170.37486 48.36219 357.42231 0.0966569
900 502.20309 0.064914438 -5.0737535 -5.0088391 1852.8089 1541.6833 1561.6877 2455.0557 199.80235 93.633561 48.529402 170.37486 48.36219 357.35071 0.0984636
1000 501.05193 0.06476564 -5.0736073 -5.0088416 2084.8732 1715.2245 1898.3612 2641.0337 86.843569 208.31473 -129.26268 170.37486 48.36219 357.27912 0.0961275
1100 503.78959 0.065119508 -5.0739636 -5.0088441 2263.9248 1886.4077 2020.7652 2884.6015 30.531359 207.7613 -69.362109 170.37486 48.36219 357.20752 0.101344
1200 502.94472 0.065010301 -5.0738561 -5.0088458 2402.9189 2062.7926 2297.7062 2848.258 -13.90111 166.13802 -119.18192 170.37486 48.36219 357.13592 0.078334
1300 502.18508 0.06491211 -5.0737593 -5.0088472 2638.0053 2195.2864 2449.5041 3269.2256 90.658158 148.14519 83.722351 170.37486 48.36219 357.06432 0.102785
1400 503.88412 0.065131727 -5.0739797 -5.008848 2842.4144 2443.9478 2494.6995 3588.5958 173.73907 7.2246596 66.988025 170.37486 48.36219 356.99272 0.116571
1500 502.23372 0.064918397 -5.0737665 -5.0088481 3046.7164 2785.7095 2579.8336 3774.6063 125.51064 226.13987 -3.6015576 170.37486 48.36219 356.92112 0.119357
1600 502.88248 0.065002257 -5.0738502 -5.0088479 3324.3851 2801.5672 2927.2641 4244.3241 -28.589844 119.24658 45.002285 170.37486 48.36219 356.84952 0.140256
1700 501.72052 0.064852061 -5.0736987 -5.0088466 3543.5761 3032.3557 3186.3002 4412.0725 -7.4481622 109.76512 -82.481648 170.37486 48.36219 356.77792 0.133103
1800 502.73825 0.064983613 -5.0738287 -5.0088451 3717.489 3300.8487 3381.9343 4469.684 176.82834 154.88615 105.08624 170.37486 48.36219 356.70632 0.121527
1900 502.88749 0.065002903 -5.0738459 -5.008843 3871.5301 3293.6805 3497.8415 4823.0683 94.452547 143.74411 -106.07056 170.37486 48.36219 356.63472 0.148019
2000 502.51422 0.064954655 -5.0737949 -5.0088402 4141.9989 3494.811 3683.0689 5248.1168 17.333852 82.904012 25.353373 170.37486 48.36219 356.56313 0.167419
2100 503.33694 0.065060999 -5.0738978 -5.0088368 4330.651 3568.7358 3895.6436 5527.5735 62.109121 15.794472 3.2257493 170.37486 48.36219 356.49153 0.182096
2200 503.39607 0.065068643 -5.0739015 -5.0088329 4628.2235 4020.7109 4232.1118 5631.8477 151.50324 47.024059 167.39469 170.37486 48.36219 356.41993 0.156825
2300 502.03162 0.064892274 -5.0737205 -5.0088283 4774.3176 4210.2183 4118.8595 5993.875 -10.545274 168.45682 -22.872282 170.37486 48.36219 356.34833 0.185466
2400 503.8519 0.065127563 -5.0739507 -5.0088231 4981.3446 4394.5235 4282.8835 6266.6267 100.70014 268.06866 -94.635309 170.37486 48.36219 356.27673 0.199978
2500 504.51001 0.065212629 -5.07403 -5.0088174 5140.3525 4378.3816 4587.916 6454.7599 148.64627 273.76539 135.63426 170.37486 48.36219 356.20513 0.206555
2600 505.40689 0.065328559 -5.0741395 -5.0088109 5367.6941 4720.1144 4732.7989 6650.1689 107.06594 70.91144 -76.106216 170.37486 48.36219 356.13353 0.194104
2700 504.76987 0.065246219 -5.0740501 -5.0088038 5474.9352 4784.2129 4726.1554 6914.4374 -32.606585 163.00204 49.719192 170.37486 48.36219 356.06193 0.218065
2800 503.79469 0.065120168 -5.0739166 -5.0087964 5699.5758 4804.6094 5055.8705 7238.2475 155.49572 170.59788 -16.15938 170.37486 48.36219 355.99033 0.235263
2900 503.23208 0.065047445 -5.0738355 -5.008788 6006.2693 5088.9291 5362.2812 7567.5976 117.32765 117.77369 -95.392475 170.37486 48.36219 355.91873 0.237722
3000 505.09519 0.06528827 -5.0740673 -5.008779 6198.183 5377.5795 5377.5685 7839.401 186.57602 345.55699 -112.95147 170.37486 48.36219 355.84714 0.256155
3100 503.47906 0.06507937 -5.0738488 -5.0087694 6464.5662 5710.203 5643.8119 8039.6838 21.473594 91.082229 -4.1254143 170.37486 48.36219 355.77554 0.236894
3200 503.88649 0.065132033 -5.0738913 -5.0087593 6664.3818 5837.9722 5818.0592 8337.114 67.649923 176.49288 -6.2116764 170.37486 48.36219 355.70394 0.253045
3300 504.72985 0.065241045 -5.07399 -5.0087489 6793.5489 6001.0517 5983.3894 8396.2056 145.36998 118.06008 61.107122 170.37486 48.36219 355.63234 0.242813
3400 505.7429 0.065371992 -5.0741102 -5.0087382 6918.6462 6148.4829 6020.9975 8586.4581 83.037242 219.14359 -112.27635 170.37486 48.36219 355.56074 0.254428
3500 505.12407 0.065292002 -5.0740185 -5.0087264 7314.9124 6387.9479 6436.6335 9120.1559 124.74671 102.48449 11.786857 170.37486 48.36219 355.48914 0.272267
3600 504.80372 0.065250595 -5.0739647 -5.0087141 7407.0105 6485.2092 6439.0317 9296.7906 153.37746 184.0652 -16.621247 170.37486 48.36219 355.41754 0.286531
3700 504.4504 0.065204924 -5.0739058 -5.0087009 7635.7932 6729.8757 6642.8109 9534.6929 -68.694535 68.289529 -58.614036 170.37486 48.36219 355.34594 0.285609
3800 504.42491 0.065201629 -5.0738891 -5.0086875 7792.1672 6857.0898 6776.7561 9742.6558 49.557589 43.068981 -95.850714 170.37486 48.36219 355.27434 0.293347
3900 506.41178 0.065458451 -5.0741322 -5.0086738 8103.6608 6960.6369 7243.6571 10106.688 114.96695 181.54103 -88.840602 170.37486 48.36219 355.20274 0.304131
