0 599.96212 0.077550706 -5.0584779 -4.9809272 -22.378721 14.65646 -83.812233 2.0196094 -197.98217 99.749828 -5.8465241 170.55827 48.41283 358.41907 0.0395164
100 599.66304 0.077512047 -5.0584494 -4.9809374 286.74998 264.22033 400.15659 195.87303 -14.254453 154.74724 -221.28378 170.55827 48.41283 358.34738 0.0501787
200 601.20119 0.077710867 -5.0586581 -4.9809472 469.96972 567.08926 325.18257 517.63733 19.644304 100.37437 24.972897 170.55827 48.41283 358.2757 0.0286802
300 601.04568 0.077690766 -5.0586467 -4.980956 658.08084 433.18218 530.01849 1011.0418 110.36306 193.04341 -74.769747 170.55827 48.41283 358.20401 0.0672644
400 600.87398 0.077668572 -5.0586328 -4.9809642 813.79186 841.08855 499.03489 1101.2521 22.510342 105.3778 -5.9970497 170.55827 48.41283 358.13233 0.0555533
500 602.52627 0.077882146 -5.0588544 -4.9809723 929.73023 721.62274 897.66008 1169.9079 59.478246 109.97653 -35.398787 170.55827 48.41283 358.06065 0.0451321
600 602.28944 0.077851534 -5.0588313 -4.9809797 1138.5561 903.43658 1090.8242 1421.4074 83.353566 80.96774 2.6778725 170.55827 48.41283 357.98896 0.0496869
700 601.76727 0.077784038 -5.0587705 -4.9809864 1414.9608 1235.2573 1358.4451 1651.1801 63.160356 91.049451 69.035398 170.55827 48.41283 357.91728 0.0433665
800 602.83498 0.07792205 -5.0589149 -4.9809929 1606.3056 1394.1218 1517.6962 1907.0988 62.126898 34.622983 -75.8583 170.55827 48.41283 357.84559 0.0497458
900 601.9391 0.077806249 -5.0588048 -4.9809985 1882.8744 1755.4548 1725.1086 2168.0597 -196.87429 77.933458 39.76277 170.55827 48.41283 357.77391 0.0568267
1000 604.76498 0.078171521 -5.0591755 -4.981004 1970.9892 1672.2278 1912.5715 2328.1683 243.7896 107.57486 -124.92291 170.55827 48.41283 357.70223 0.0768249
1100 602.17689 0.077836986 -5.058845 -4.981008 2200.2969 1908.8197 1924.7728 2767.2982 48.957294 80.569528 57.170574 170.55827 48.41283 357.63054 0.0871788
1200 604.81283 0.078177705 -5.0591898 -4.9810121 2423.6899 2203.1169 2130.1734 2937.7795 -26.14208 140.56063 -61.529378 170.55827 48.41283 357.55886 0.081934
1300 604.7075 0.07816409 -5.0591794 -4.9810153 2671.4789 2441.7634 2247.6065 3325.0666 67.093781 180.80795 -53.892859 170.55827 48.41283 357.48718 0.105343
1400 604.18857 0.078097014 -5.059115 -4.9810179 2860.0167 2577.4186 2469.1705 3533.4609 114.29072 146.18687 -30.2362 170.55827 48.41283 357.41549 0.106549
1500 600.50011 0.077620246 -5.0586396 -4.9810194 3008.8946 2611.2451 2629.2851 3786.1537 -34.093648 173.05245 -123.22687 170.55827 48.41283 357.34381 0.12241
1600 604.06138 0.078080573 -5.0591018 -4.9810213 3202.2324 2745.0281 2751.7304 4109.9388 -12.067236 205.98113 57.355668 170.55827 48.41283 357.27212 0.141119
1700 602.55146 0.077885402 -5.0589076 -4.9810222 3433.9683 3015.1732 3028.7816 4257.9501 51.507583 60.494098 -8.1351987 170.55827 48.41283 357.20044 0.124375
1800 604.60219 0.078150478 -5.0591734 -4.9810229 3644.8832 3124.4508 3489.2334 4320.9655 103.52367 141.38408 -50.246837 170.55827 48.41283 357.12876 0.110812
1900 604.65571 0.078157396 -5.0591802 -4.9810228 3724.4222 3390.362 3202.9417 4579.9627 148.19289 319.22269 115.71046 170.55827 48.41283 357.05707 0.144395
2000 605.9826 0.07832891 -5.0593512 -4.9810223 3980.1402 3465.9805 3514.6145 4959.8257 105.77649 9.7191473 45.861994 170.55827 48.41283 356.98539 0.148373
2100 604.50763 0.078138256 -5.059159 -4.9810208 4197.8656 3580.9772 3730.6864 5281.9331 92.574511 72.698487 17.058235 170.55827 48.41283 356.91371 0.164422
2200 603.58414 0.078018886 -5.0590376 -4.9810187 4435.4803 3876.7984 3877.2175 5552.4252 72.064029 222.20585 -71.84492 170.55827 48.41283 356.84202 0.172807
2300 606.78314 0.078432387 -5.059449 -4.9810166 4633.7786 4027.0776 4102.9268 5771.3314 75.490336 174.46614 -24.397035 170.55827 48.41283 356.77034 0.173956
2400 604.24724 0.078104598 -5.0591179 -4.9810133 4766.026 4259.731 4206.9753 5831.3718 98.200976 69.457765 -1.0809685 170.55827 48.41283 356.69865 0.161219
2500 603.70357 0.078034323 -5.0590444 -4.98101 5085.1519 4369.8932 4546.3784 6339.184 -59.389932 192.76214 13.46371 170.55827 48.41283 356.62697 0.191945
2600 605.17206 0.078224139 -5.0592303 -4.9810062 5273.928 4766.068 4603.0738 6452.6421 23.846715 65.983359 -26.814166 170.55827 48.41283 356.55529 0.177846
2700 605.62944 0.078283259 -5.0592846 -4.9810013 5438.701 4660.5986 4832.2527 6823.2518 1.8196976 171.98624 -15.274143 170.55827 48.41283 356.4836 0.210351
2800 605.27628 0.078237611 -5.0592335 -4.9809959 5645.4054 5052.9839 4792.1701 7091.0622 172.33742 164.04289 -69.661502 170.55827 48.41283 356.41192 0.22221
2900 606.06286 0.078339283 -5.0593291 -4.9809898 5841.65 5295.3342 5059.4419 7170.174 31.062961 178.74265 -229.47062 170.55827 48.41283 356.34023 0.206631
3000 606.64629 0.078414697 -5.0593982 -4.9809835 5968.5184 5493.9617 5187.1411 7224.4524 10.972682 152.56102 -69.441203 170.55827 48.41283 356.26855 0.192467
3100 606.66688 0.078417359 -5.0593943 -4.9809769 6174.7194 5487.5289 5541.2924 7495.3369 35.245893 180.10196 -87.645556 170.55827 48.41283 356.19687 0.201254
3200 606.95836 0.078455035 -5.0594246 -4.9809696 6439.0074 5610.3396 5813.4702 7893.2124 -103.54706 131.00971 -89.661975 170.55827 48.41283 356.12518 0.221288
3300 605.96212 0.078326262 -5.0592874 -4.9809612 6635.6963 5843.7906 5661.1305 8402.1678 -33.841821 7.7737934 74.930177 170.55827 48.41283 356.0535 0.265828
3400 607.57141 0.078534277 -5.0594866 -4.9809524 6841.7044 6116.8581 5950.5733 8457.6818 -17.428597 149.81289 -164.92748 170.55827 48.41283 355.98182 0.24589
3500 607.10095 0.078473467 -5.0594164 -4.9809429 7008.4625 6046.2164 6226.3605 8752.8106 138.91397 229.98887 -57.920262 170.55827 48.41283 355.91013 0.266405
3600 606.80364 0.078435037 -5.0593681 -4.9809331 7244.7777 6524.6378 6271.1585 8938.5369 -8.484209 82.134833 -108.97507 170.55827 48.41283 355.83845 0.256108
3700 606.84582 0.078440488 -5.0593629 -4.9809224 7526.7882 6812.8774 6580.2681 9187.2191 28.751133 126.73903 32.602353 170.55827 48.41283 355.76676 0.250953
3800 608.94031 0.07871122 -5.0596227 -4.9809115 7592.482 6809.5122 6433.8298 9534.1042 71.766059 203.88104 47.871069 170.55827 48.41283 355.69508 0.295553
3900 606.35721 0.078377331 -5.0592764 -4.9808991 7821.4949 7027.9843 6842.7719 9593.7286 -72.6284 113.06234 -34.298504 170.55827 48.41283 355.6234 0.2674
