0 10.389589 0.0013429514 -5.1410102 -5.1396673 -0.81651651 -0.83505178 -0.71844484 -0.8960529 119.76622 175.06669 0.38714758 169.59865 48.131313 356.38184 0.0367393
100 10.39522 0.0013436793 -5.1410108 -5.1396671 233.65903 177.4334 177.61573 345.92797 120.57686 190.03692 -33.51901 169.59865 48.131313 356.31056 0.0428589
200 10.392005 0.0013432637 -5.1410094 -5.1396662 446.28582 335.91252 396.04285 606.90209 116.10478 210.49416 -28.153726 169.59865 48.131313 356.23928 0.0486311
300 10.422504 0.001347206 -5.1410119 -5.1396647 654.48448 515.63487 574.07877 873.73981 98.629625 214.75264 -23.906599 169.59865 48.131313 356.16801 0.0529131
400 10.408362 0.001345378 -5.1410079 -5.1396625 880.72096 723.75885 763.89143 1154.5126 109.50512 207.13116 -19.03406 169.59865 48.131313 356.09673 0.0579347
500 10.412123 0.0013458642 -5.1410056 -5.1396598 1099.1831 895.10442 944.51446 1457.9305 88.539534 196.72123 -22.47485 169.59865 48.131313 356.02545 0.0657675
600 10.412106 0.0013458619 -5.1410022 -5.1396564 1309.1598 1101.2557 1109.3164 1716.9073 135.0237 175.62348 -32.183472 169.59865 48.131313 355.95418 0.0724197
700 10.375928 0.0013411856 -5.1409935 -5.1396523 1539.7173 1283.4827 1319.6266 2016.0427 112.32436 197.34053 -24.789823 169.59865 48.131313 355.8829 0.0817311
800 10.410634 0.0013456716 -5.1409933 -5.1396476 1749.3802 1453.5219 1487.6903 2306.9283 93.264729 202.36657 -52.315745 169.59865 48.131313 355.81162 0.0925998
900 10.396596 0.0013438572 -5.140986 -5.1396422 1968.5486 1642.7283 1657.5104 2605.407 105.65064 182.05969 -14.433867 169.59865 48.131313 355.74035 0.102288
1000 10.45539 0.0013514568 -5.1409876 -5.1396361 2198.5936 1824.9474 1864.8115 2906.0219 98.459895 189.8486 -33.296801 169.59865 48.131313 355.66907 0.112594
1100 10.403562 0.0013447576 -5.1409742 -5.1396294 2417.2953 2016.01 2070.0122 3165.8637 122.6726 229.5804 -18.187484 169.59865 48.131313 355.5978 0.12113
1200 10.414817 0.0013462124 -5.1409683 -5.1396221 2634.262 2230.5998 2209.95 3462.2364 130.77388 219.47508 -31.168605 169.59865 48.131313 355.52652 0.131967
1300 10.437459 0.001349139 -5.1409632 -5.1396141 2857.1152 2393.1513 2428.9232 3749.271 109.70026 190.2181 -33.36648 169.59865 48.131313 355.45524 0.139277
1400 10.419052 0.0013467598 -5.1409521 -5.1396054 3073.0442 2585.7798 2581.3725 4051.9803 76.227784 209.85729 -17.911169 169.59865 48.131313 355.38397 0.15188
1500 10.404355 0.0013448601 -5.1409409 -5.1395961 3305.1289 2777.389 2793.1423 4344.8554 106.91189 214.00154 -32.588019 169.59865 48.131313 355.31269 0.161474
1600 10.450982 0.001350887 -5.140937 -5.1395861 3524.7139 2982.2822 2981.7669 4610.0926 115.97951 209.2102 -33.274228 169.59865 48.131313 355.24141 0.168095
1700 10.401515 0.001344493 -5.14092 -5.1395755 3742.0218 3165.0169 3150.795 4910.2534 113.21053 226.93128 -24.885271 169.59865 48.131313 355.17014 0.180712
1800 10.429351 0.001348091 -5.1409123 -5.1395642 3963.0956 3332.272 3343.8759 5213.1388 103.20114 224.01784 -24.825378 169.59865 48.131313 355.09886 0.192362
1900 10.43216 0.0013484541 -5.1409007 -5.1395522 4189.5367 3537.4432 3557.4806 5473.6863 114.34681 204.06926 -28.99282 169.59865 48.131313 355.02758 0.196909
2000 10.459844 0.0013520325 -5.1408916 -5.1395396 4422.7945 3712.4313 3766.4984 5789.4538 122.12605 212.63553 -39.502757 169.59865 48.131313 354.95631 0.209516
2100 10.437251 0.0013491121 -5.1408754 -5.1395263 4635.4193 3889.3886 3936.564 6080.3052 105.66803 208.29559 -24.539563 169.59865 48.131313 354.88503 0.220555
2200 10.439296 0.0013493765 -5.1408618 -5.1395124 4851.3744 4104.3753 4095.8347 6353.9132 104.34963 208.31857 -22.712049 169.59865 48.131313 354.81376 0.229
2300 10.434617 0.0013487717 -5.1408465 -5.1394978 5085.3929 4281.8729 4300.542 6673.764 104.00185 194.81972 -10.357832 169.59865 48.131313 354.74248 0.241319
2400 10.445638 0.0013501963 -5.1408327 -5.1394825 5309.8305 4461.6387 4496.7469 6971.1059 103.52795 222.70775 -33.529884 169.59865 48.131313 354.6712 0.252881
2500 10.412116 0.0013458632 -5.1408124 -5.1394665 5535.9254 4651.6604 4687.4739 7268.6417 107.50115 213.5474 -24.861073 169.59865 48.131313 354.59993 0.263239
2600 10.450462 0.0013508198 -5.1408007 -5.1394499 5737.5854 4854.157 4852.2883 7506.311 106.45093 240.68438 -21.912854 169.59865 48.131313 354.52865 0.269223
2700 10.437155 0.0013490998 -5.1407818 -5.1394327 5981.4101 5058.2155 5075.9372 7810.0777 107.74902 229.06269 -37.100371 169.59865 48.131313 354.45737 0.277861
2800 10.443962 0.0013499796 -5.1407648 -5.1394148 6197.7207 5235.7215 5256.6245 8100.8161 112.8561 214.18238 -19.799277 169.59865 48.131313 354.3861 0.288554
2900 10.453021 0.0013511506 -5.1407474 -5.1393963 6433.4738 5448.6897 5440.5151 8411.2166 128.57807 231.6395 -36.076454 169.59865 48.131313 354.31482 0.300255
3000 10.450293 0.0013507979 -5.1407279 -5.1393771 6648.6664 5618.6198 5616.1704 8711.2089 121.64617 229.01484 -4.1373845 169.59865 48.131313 354.24354 0.312626
3100 10.457476 0.0013517265 -5.1407089 -5.1393571 6881.3448 5803.0107 5847.9763 8993.0473 95.528307 234.07181 -22.653312 169.59865 48.131313 354.17227 0.319816
3200 10.446127 0.0013502594 -5.1406868 -5.1393366 7106.2946 6006.1497 6028.3328 9284.4014 119.11945 213.80237 -17.59766 169.59865 48.131313 354.10099 0.329474
3300 10.454787 0.0013513788 -5.1406668 -5.1393154 7322.9882 6206.8488 6203.8095 9558.3062 97.635084 213.6692 -24.717179 169.59865 48.131313 354.02972 0.337785
3400 10.434459 0.0013487512 -5.1406423 -5.1392935 7540.4653 6375.5648 6390.2307 9855.6004 107.58133 208.26387 -32.813931 169.59865 48.131313 353.95844 0.349684
3500 10.473048 0.0013537393 -5.1406247 -5.139271 7770.4514 6568.6043 6582.1544 10160.595 102.34458 213.9583 -28.005748 169.59865 48.131313 353.88716 0.360902
3600 10.454124 0.0013512932 -5.140599 -5.1392477 8000.9126 6783.1896 6763.0014 10456.547 98.233829 221.28193 -25.618787 169.59865 48.131313 353.81589 0.370755
3700 10.461612 0.001352261 -5.1405761 -5.1392238 8240.3024 6988.3882 6990.695 10741.824 103.94905 232.25463 -13.359132 169.59865 48.131313 353.74461 0.377815
3800 10.476832 0.0013542284 -5.1405535 -5.1391993 8471.3481 7176.866 7185.0927 11052.086 90.844597 212.61325 -15.381889 169.59865 48.131313 353.67333 0.389186
3900 10.488841 0.0013557806 -5.1405298 -5.139174 8696.6432 7372.7271 7368.6565 11348.546 101.75398 229.34131 -12.372044 169.59865 48.131313 353.60206 0.400158
