0 899.06678 0.11621278 -5.0086419 -4.8924291 34.091739 -87.203913 134.39897 55.080164 -176.1759 146.37097 4.8272067 171.24752 48.600263 359.53544 0.0441904
100 900.35902 0.11637981 -5.0088239 -4.8924441 347.64484 496.32436 105.60354 441.00663 97.066811 214.19396 -15.774014 171.24752 48.600263 359.46353 0.0548415
200 904.70352 0.11694138 -5.0094003 -4.8924589 576.90345 365.55952 534.99924 830.1516 155.28784 210.30084 113.24059 171.24752 48.600263 359.39163 0.0639787
300 903.93088 0.11684151 -5.0093136 -4.8924721 714.63165 498.27603 561.31011 1084.3088 -156.01414 77.513088 -26.217539 171.24752 48.600263 359.31972 0.0635276
400 905.74824 0.11707642 -5.0095617 -4.8924853 887.968 737.54724 843.17308 1083.1837 -125.40006 369.47584 -141.03779 171.24752 48.600263 359.24781 0.0781346
500 905.01455 0.11698158 -5.0094797 -4.8924981 1059.4802 702.7494 900.96471 1574.7265 61.32953 34.501807 20.933053 171.24752 48.600263 359.1759 0.080185
600 905.59049 0.11705603 -5.0095665 -4.8925104 1215.5777 1006.6277 963.59465 1676.5108 -70.899315 110.05735 -84.02417 171.24752 48.600263 359.104 0.0742981
700 905.69025 0.11706892 -5.0095904 -4.8925215 1479.8591 1173.239 1290.7192 1975.619 81.339198 3.2100988 -28.020487 171.24752 48.600263 359.03209 0.0765236
800 905.46419 0.1170397 -5.0095722 -4.8925325 1667.0334 1487.6284 1414.6661 2098.8057 73.278731 174.7729 -58.384042 171.24752 48.600263 358.96018 0.0735817
900 905.85823 0.11709063 -5.0096336 -4.8925429 1854.6993 1501.8317 1505.6054 2556.6607 -57.780292 172.99239 -54.36178 171.24752 48.600263 358.88828 0.110334
1000 905.83053 0.11708705 -5.0096397 -4.8925526 1970.0982 1564.9464 1718.6555 2626.6926 161.22224 33.945386 76.962245 171.24752 48.600263 358.81637 0.104256
1100 907.02903 0.11724197 -5.0098045 -4.8925625 2207.2642 2142.4707 1904.4909 2574.8311 -120.85113 45.84856 49.827446 171.24752 48.600263 358.74446 0.0635636
1200 905.55009 0.1170508 -5.0096222 -4.8925714 2407.8245 2123.2479 2029.6894 3070.5361 -19.918988 142.94214 -10.568755 171.24752 48.600263 358.67255 0.102838
1300 906.01764 0.11711124 -5.0096918 -4.8925806 2565.016 2169.5041 2392.6265 3132.9176 -25.931361 111.97963 1.0822121 171.24752 48.600263 358.60065 0.0895896
1400 906.12909 0.11712565 -5.0097142 -4.8925886 2718.3533 2204.6247 2577.4875 3372.9478 47.012327 108.13798 -9.7963735 171.24752 48.600263 358.52874 0.105375
1500 908.38534 0.11741729 -5.0100134 -4.8925961 2818.9499 2151.8121 2479.3756 3825.662 156.01161 259.05785 -85.392788 171.24752 48.600263 358.45683 0.163003
1600 908.69762 0.11745765 -5.0100609 -4.8926032 3110.5644 2813.6469 2694.6431 3823.4033 65.762297 15.964004 34.982611 171.24752 48.600263 358.38493 0.108229
1700 910.44902 0.11768404 -5.0102937 -4.8926096 3181.0764 2647.6192 2899.8084 3995.8017 141.64876 100.7545 -16.73359 171.24752 48.600263 358.31302 0.127777
1800 907.54477 0.11730864 -5.009924 -4.8926154 3420.6518 3033.1697 2980.7015 4248.0842 180.86719 91.452568 -3.3737668 171.24752 48.600263 358.24111 0.129065
1900 908.27938 0.11740359 -5.0100245 -4.8926209 3594.588 3090.332 3332.1338 4361.2982 185.9263 49.004441 -41.86014 171.24752 48.600263 358.16921 0.121765
2000 907.88369 0.11735244 -5.0099784 -4.892626 3874.7102 3582.9865 3414.8963 4626.2478 110.83444 220.55009 -92.594574 171.24752 48.600263 358.0973 0.122495
2100 909.50947 0.11756259 -5.0101934 -4.8926309 3979.4667 3712.6875 3444.6341 4781.0785 129.09641 169.56543 -17.625561 171.24752 48.600263 358.02539 0.127941
2200 906.48864 0.11717212 -5.0098068 -4.8926347 4251.6437 3964.463 3723.7359 5066.7322 88.39318 160.61476 -41.73234 171.24752 48.600263 357.95348 0.128232
2300 910.21244 0.11765346 -5.0102919 -4.8926385 4413.4393 3776.5807 4019.4332 5444.3039 24.905873 325.96042 50.088346 171.24752 48.600263 357.88158 0.166235
2400 913.30606 0.11805334 -5.0106948 -4.8926415 4534.3008 3997.4113 4059.0565 5546.4344 28.317093 100.25322 -12.281727 171.24752 48.600263 357.80967 0.152997
2500 908.73664 0.1174627 -5.0101063 -4.8926436 4810.2533 4234.7528 4421.1327 5774.8746 19.197384 -25.581977 -176.07754 171.24752 48.600263 357.73776 0.148854
2600 906.45158 0.11716733 -5.0098128 -4.8926454 5059.0255 4682.8142 4559.7897 5934.4725 291.54617 75.832211 -66.659329 171.24752 48.600263 357.66586 0.142174
2700 910.4075 0.11767867 -5.0103258 -4.8926471 5253.3357 4857.8594 4541.4545 6360.6934 109.06285 210.04238 -64.104426 171.24752 48.600263 357.59395 0.173623
2800 907.34082 0.11728227 -5.0099296 -4.8926474 5504.7894 4836.9486 4808.7233 6868.6962 126.67716 242.62209 67.087023 171.24752 48.600263 357.52204 0.210342
2900 910.21002 0.11765314 -5.0103006 -4.8926475 5432.7917 4788.1347 4826.549 6683.6916 29.826304 13.338644 -200.3069 171.24752 48.600263 357.45013 0.190928
3000 907.88226 0.11735226 -5.009999 -4.8926468 5868.5738 5283.0756 5268.0695 7054.5764 104.88356 -79.714265 -102.97568 171.24752 48.600263 357.37823 0.180247
3100 910.75288 0.11772331 -5.0103696 -4.8926463 5914.8908 5209.4596 5474.7941 7060.4187 71.936346 163.64684 36.829338 171.24752 48.600263 357.30632 0.176218
3200 910.70724 0.11771741 -5.0103627 -4.8926453 6020.6389 5438.9919 5433.9664 7188.9585 106.90244 189.6335 -104.27026 171.24752 48.600263 357.23441 0.180166
3300 907.17853 0.1172613 -5.0099042 -4.8926429 6509.8846 6080.5359 5747.6223 7701.4955 143.02213 376.07922 23.481873 171.24752 48.600263 357.16251 0.194044
3400 910.31068 0.11766615 -5.0103073 -4.8926412 6568.6531 5840.0163 5977.1119 7888.8312 211.60282 187.56723 -87.651449 171.24752 48.600263 357.0906 0.204902
3500 909.73789 0.11759212 -5.0102305 -4.8926384 6793.4452 6055.8188 6369.3566 7955.1601 15.409224 28.36036 -110.68997 171.24752 48.600263 357.01869 0.177487
3600 912.53381 0.11795352 -5.0105884 -4.8926349 7053.9323 6241.6367 6482.4992 8437.6611 178.4271 194.41783 21.365421 171.24752 48.600263 356.94678 0.213585
3700 910.71626 0.11771858 -5.0103493 -4.8926308 7125.0838 6412.891 6471.9279 8490.4327 88.831929 -91.282271 23.96443 171.24752 48.600263 356.87488 0.206092
3800 909.46177 0.11755643 -5.0101826 -4.8926262 7388.987 6715.6156 6545.5752 8905.7702 9.0568186 15.07856 -170.71179 171.24752 48.600263 356.80297 0.229923
3900 913.18875 0.11803817 -5.0106596 -4.8926214 7499.4274 6878.8782 6557.969 9061.4349 25.615875 168.36761 -279.40133 171.24752 48.600263 356.73106 0.242655
