0 99.622437 0.01287713 -5.1293301 -5.116453 -2.1943214 -4.7932552 -1.1380396 -0.65166942 73.067851 150.32794 9.1834421 169.71776 48.172573 356.62321 0.0289967
100 99.453155 0.012855249 -5.1293097 -5.1164544 253.98005 210.2311 225.26934 326.43972 123.60184 164.90965 -29.046177 169.71776 48.172573 356.55189 0.0376738
200 99.465257 0.012856813 -5.1293119 -5.1164551 480.7257 322.89387 489.50638 629.77686 57.874896 203.55853 -50.483182 169.71776 48.172573 356.48056 0.0461312
300 99.841362 0.012905428 -5.1293605 -5.116455 660.94638 390.75708 627.88036 964.2017 31.71508 197.3392 -67.638469 169.71776 48.172573 356.40924 0.0618595
400 99.109837 0.012810872 -5.1292652 -5.1164544 908.15567 702.34457 857.27416 1164.8483 50.732123 217.39117 -9.8309597 169.71776 48.172573 356.33791 0.0562179
500 99.785258 0.012898176 -5.1293515 -5.1164533 1097.351 889.09424 976.12997 1426.8288 81.541638 192.98324 -49.390651 169.71776 48.172573 356.26659 0.0623638
600 99.645037 0.012880051 -5.1293315 -5.1164515 1286.6752 994.96464 1161.4105 1703.6504 99.774447 141.61217 28.837538 169.71776 48.172573 356.19526 0.0710284
700 99.673972 0.012883791 -5.1293327 -5.1164489 1572.6266 1308.0651 1371.838 2037.9768 95.96834 197.868 -41.829581 169.71776 48.172573 356.12394 0.080039
800 99.782083 0.012897766 -5.1293435 -5.1164458 1765.6117 1500.4937 1502.044 2294.2975 74.717738 196.99461 -81.313668 169.71776 48.172573 356.05261 0.0884252
900 99.553297 0.012868193 -5.1293101 -5.1164419 1963.8521 1653.647 1641.4562 2596.453 106.87648 175.03907 -4.1785647 169.71776 48.172573 355.98129 0.101329
1000 99.616019 0.012876301 -5.1293138 -5.1164375 2226.1487 1841.5298 2010.2916 2826.6247 133.32012 180.18335 -58.745729 169.71776 48.172573 355.90997 0.0996855
1100 99.768537 0.012896015 -5.1293284 -5.1164324 2401.6457 1985.1595 2147.0906 3072.6869 95.309638 226.77353 -21.498558 169.71776 48.172573 355.83864 0.110261
1200 99.787797 0.012898504 -5.1293253 -5.1164268 2588.4511 2166.1475 2173.0612 3426.1447 138.34278 234.08901 -31.270836 169.71776 48.172573 355.76732 0.134301
1300 99.638167 0.012879163 -5.1292995 -5.1164204 2829.9207 2321.6053 2452.5613 3715.5955 99.112979 177.21013 -122.35737 169.71776 48.172573 355.69599 0.139513
1400 99.768727 0.01289604 -5.1293093 -5.1164133 3089.5295 2600.2284 2633.6419 4034.7181 85.823823 209.01844 -80.70244 169.71776 48.172573 355.62467 0.147772
1500 100.0658 0.012934439 -5.12934 -5.1164056 3281.0201 2673.918 2869.5722 4299.5701 43.581022 229.87578 -40.478891 169.71776 48.172573 355.55334 0.159126
1600 99.913312 0.012914729 -5.129312 -5.1163973 3519.0114 2960.9271 3111.3997 4484.7075 89.604285 154.94657 -44.170807 169.71776 48.172573 355.48202 0.148904
1700 99.901448 0.012913195 -5.1293016 -5.1163884 3722.994 3195.0003 3224.4764 4749.5054 75.396756 241.7951 -17.205534 169.71776 48.172573 355.41069 0.160152
1800 99.757664 0.01289461 -5.1292735 -5.1163789 3990.3986 3369.7175 3446.5003 5154.9781 133.16869 191.37135 -54.59626 169.71776 48.172573 355.33937 0.179666
1900 99.680657 0.012884656 -5.1292532 -5.1163685 4152.6892 3452.4916 3606.2266 5399.3493 18.630122 202.8791 -14.405252 169.71776 48.172573 355.26804 0.190781
2000 99.815003 0.012902021 -5.1292598 -5.1163578 4388.8597 3685.2206 3767.3357 5714.0227 98.867386 194.24233 12.478733 169.71776 48.172573 355.19672 0.202464
2100 99.84251 0.012905577 -5.1292518 -5.1163463 4595.8149 3884.3938 3953.4629 5949.588 106.05179 152.52744 -33.909719 169.71776 48.172573 355.12539 0.20577
2200 99.735821 0.012891786 -5.1292259 -5.1163341 4833.227 4142.0951 4115.8966 6241.6892 65.131723 189.76334 -10.715527 169.71776 48.172573 355.05407 0.214128
2300 99.926177 0.012916391 -5.1292377 -5.1163213 5092.2763 4285.5015 4443.6374 6547.6901 83.139153 188.45219 -77.538431 169.71776 48.172573 354.98275 0.222038
2400 99.989027 0.012924515 -5.1292323 -5.1163077 5302.362 4484.0362 4573.8922 6849.1576 51.885 161.51523 -40.269937 169.71776 48.172573 354.91142 0.234106
2500 99.976198 0.012922857 -5.1292164 -5.1162936 5511.9528 4698.839 4720.0749 7116.9444 49.464781 144.28932 -42.212099 169.71776 48.172573 354.8401 0.242311
2600 99.907448 0.01291397 -5.1291927 -5.1162787 5715.4626 4789.4911 4908.0791 7448.8176 115.73912 211.45377 6.3430016 169.71776 48.172573 354.76877 0.263537
2700 99.818898 0.012902525 -5.1291658 -5.1162632 5925.1954 4931.9512 5151.8865 7691.7485 92.88813 204.87105 -2.4070199 169.71776 48.172573 354.69745 0.268509
2800 99.831829 0.012904196 -5.1291514 -5.1162472 6114.9363 5154.9552 5215.9653 7973.8883 65.403306 196.5637 -22.138575 169.71776 48.172573 354.62612 0.281218
2900 99.646736 0.012880271 -5.1291107 -5.1162304 6429.1832 5456.2982 5523.3087 8307.9427 73.056454 215.05964 -67.415882 169.71776 48.172573 354.5548 0.284845
3000 100.22717 0.012955298 -5.1291683 -5.116213 6614.0535 5623.6203 5660.9804 8557.5598 85.55348 202.1679 -8.1991548 169.71776 48.172573 354.48347 0.294016
3100 100.09643 0.012938399 -5.1291332 -5.1161949 6842.1601 5829.5454 5851.6474 8845.2875 113.2628 267.20458 10.203092 169.71776 48.172573 354.41215 0.304656
3200 100.12902 0.012942611 -5.1291188 -5.1161762 7081.3266 5967.994 6046.738 9229.2479 47.623023 172.14114 -17.20061 169.71776 48.172573 354.34082 0.323756
3300 100.30493 0.012965349 -5.1291222 -5.1161568 7261.2915 6187.1575 6208.898 9387.819 129.80978 176.3185 -31.501249 169.71776 48.172573 354.2695 0.321277
3400 100.23113 0.012955809 -5.1290926 -5.1161368 7536.9914 6417.5142 6490.4147 9703.0452 50.720361 204.78458 -47.902948 169.71776 48.172573 354.19817 0.327123
3500 100.05125 0.012932558 -5.1290488 -5.1161162 7751.9997 6601.2898 6657.1432 9997.566 64.338396 219.96479 -78.356846 169.71776 48.172573 354.12685 0.339472
3600 100.12921 0.012942636 -5.1290375 -5.1160948 7967.4347 6787.4281 6709.4495 10405.426 65.024986 190.19839 4.6733247 169.71776 48.172573 354.05552 0.367415
3700 99.870379 0.012909179 -5.1289819 -5.1160728 8163.836 6926.8956 6980.6191 10583.993 82.994836 171.14646 -2.462857 169.71776 48.172573 353.9842 0.364545
3800 100.39018 0.012976368 -5.1290265 -5.1160501 8385.794 7120.0921 7178.9052 10858.385 75.118905 210.04572 -56.416944 169.71776 48.172573 353.91288 0.373059
3900 100.00559 0.012926656 -5.1289534 -5.1160268 8641.1889 7344.1837 7384.1851 11195.198 71.359167 178.81577 -56.872068 169.71776 48.172573 353.84155 0.384692
