0 400.33399 0.051746907 -5.0879945 -5.0362476 9.3701803 73.706362 -26.299874 -19.295947 53.369266 105.11639 40.018486 170.19322 48.309548 357.6421 0.0236321
100 400.07042 0.051712837 -5.0879672 -5.0362544 340.56306 347.51266 366.16141 308.01511 72.791066 237.24581 -137.85645 170.19322 48.309548 357.57057 0.0494378
200 400.58598 0.051779478 -5.0880399 -5.0362604 426.28812 363.21401 340.49304 575.15731 -30.130205 181.84294 -94.738097 170.19322 48.309548 357.49905 0.0423204
300 400.49793 0.051768096 -5.0880339 -5.0362658 738.9392 604.32663 557.25712 1055.2338 -4.1007173 192.4464 -77.927268 170.19322 48.309548 357.42752 0.0596768
400 401.31051 0.05187313 -5.0881437 -5.0362706 936.81204 902.2053 790.82227 1117.4085 -31.176854 127.78422 -2.1947609 170.19322 48.309548 357.35599 0.0366886
500 400.5632 0.051776534 -5.0880512 -5.0362746 1094.7404 789.72619 1107.753 1386.7422 8.2294879 148.50224 -207.56392 170.19322 48.309548 357.28446 0.0680671
600 400.81734 0.051809383 -5.0880877 -5.0362783 1292.8181 899.24329 1265.8582 1713.3528 122.34941 91.21785 -42.734416 170.19322 48.309548 357.21293 0.0757671
700 400.91313 0.051821766 -5.0881026 -5.0362808 1405.419 1013.0819 1249.1491 1954.0258 157.72362 102.85258 54.946876 170.19322 48.309548 357.1414 0.0913455
800 401.32425 0.051874907 -5.0881582 -5.0362833 1729.0179 1446.7836 1658.1403 2082.1297 106.00976 113.58206 -129.52869 170.19322 48.309548 357.06987 0.066091
900 401.22242 0.051861745 -5.0881469 -5.0362852 1932.4312 1584.1299 1699.1551 2514.0086 99.132663 184.80236 40.591723 170.19322 48.309548 356.99835 0.0952799
1000 400.54485 0.051774162 -5.0880604 -5.0362862 2103.0191 1732.845 1870.3598 2705.8525 57.301021 158.29913 30.496705 170.19322 48.309548 356.92682 0.0958993
1100 400.96117 0.051827975 -5.0881146 -5.0362866 2365.7468 1957.638 2177.8968 2961.7055 -166.35696 159.27665 -92.787461 170.19322 48.309548 356.85529 0.101018
1200 402.264 0.051996378 -5.0882831 -5.0362867 2556.8374 2064.0821 2436.4563 3169.9738 49.359875 246.62719 112.99992 170.19322 48.309548 356.78376 0.108533
1300 401.42511 0.051887944 -5.0881742 -5.0362863 2660.3082 2332.1964 2360.8691 3287.8592 60.34424 168.41752 -98.759847 170.19322 48.309548 356.71223 0.100598
1400 400.97146 0.051829305 -5.0881143 -5.036285 2935.8353 2542.3617 2557.1604 3707.9837 -18.499562 215.79089 -106.53531 170.19322 48.309548 356.6407 0.123143
1500 401.21106 0.051860275 -5.0881433 -5.036283 3198.0692 2798.9479 2776.0504 4019.2094 101.01717 175.51675 -102.67159 170.19322 48.309548 356.56918 0.129312
1600 401.70061 0.051923555 -5.0882042 -5.0362807 3343.0122 2794.4946 2981.6189 4252.923 17.006432 71.349873 1.3002208 170.19322 48.309548 356.49765 0.138031
1700 401.90706 0.05195024 -5.0882279 -5.0362777 3563.2191 3168.5528 3106.7727 4414.3318 37.019971 151.57623 -42.09376 170.19322 48.309548 356.42612 0.130809
1800 401.69609 0.05192297 -5.0881968 -5.0362738 3794.984 3253.0015 3200.8783 4931.0722 44.813205 63.854721 -54.842406 170.19322 48.309548 356.35459 0.171271
1900 401.72028 0.051926097 -5.0881955 -5.0362694 4042.4992 3471.6532 3638.1523 5017.692 201.42315 56.147132 -64.53385 170.19322 48.309548 356.28306 0.151796
2000 401.91099 0.051950748 -5.0882155 -5.0362647 4073.3513 3443.6332 3662.3947 5114.0259 79.631229 76.683104 -33.66149 170.19322 48.309548 356.21153 0.158515
2100 401.92199 0.05195217 -5.0882116 -5.0362594 4369.8329 3794.0836 3737.183 5578.2323 97.654117 102.4792 -170.16276 170.19322 48.309548 356.14001 0.185335
2200 403.0643 0.052099825 -5.0883533 -5.0362535 4667.4401 4005.6277 4012.1378 5984.5547 188.92914 129.2035 34.253441 170.19322 48.309548 356.06848 0.201594
2300 402.43135 0.05201801 -5.0882648 -5.0362468 4785.117 4139.4421 4097.9314 6117.9775 119.64601 151.01383 15.864259 170.19322 48.309548 355.99695 0.202745
2400 402.55798 0.052034377 -5.0882738 -5.0362394 5078.0467 4454.2994 4358.7337 6421.107 87.084272 264.58321 -38.273677 170.19322 48.309548 355.92542 0.207427
2500 403.32733 0.052133823 -5.0883652 -5.0362314 5262.2103 4489.5795 4604.4343 6692.617 40.947435 142.75592 25.341229 170.19322 48.309548 355.85389 0.216371
2600 402.51737 0.052029128 -5.0882517 -5.0362226 5448.2526 4633.181 4735.372 6976.2049 29.903918 207.14872 -14.455467 170.19322 48.309548 355.78236 0.232224
2700 403.06866 0.052100388 -5.0883138 -5.0362134 5803.1153 4979.0542 5051.1109 7379.1809 -37.637335 50.063637 -100.15643 170.19322 48.309548 355.71083 0.237376
2800 401.97713 0.051959297 -5.0881624 -5.0362031 5987.7096 5144.8305 5221.9889 7596.3095 194.41081 212.89209 -3.3508529 170.19322 48.309548 355.63931 0.246494
2900 403.5148 0.052158056 -5.0883508 -5.0361927 6114.5382 5321.8589 5264.1026 7757.653 98.598827 66.412643 20.301005 170.19322 48.309548 355.56778 0.247401
3000 403.84593 0.052200858 -5.0883823 -5.0361814 6320.1959 5358.5663 5511.2269 8090.7946 64.40395 81.78137 -89.234194 170.19322 48.309548 355.49625 0.266977
3100 402.5257 0.052030205 -5.0881999 -5.0361697 6552.8589 5602.5878 5839.8381 8216.1508 93.001385 248.24761 1.4392545 170.19322 48.309548 355.42472 0.254515
3200 403.45896 0.052150838 -5.0883084 -5.0361576 6728.7439 5961.9517 5705.8519 8518.4281 88.929609 277.94324 -21.948086 170.19322 48.309548 355.35319 0.274095
3300 403.27023 0.052126443 -5.0882711 -5.0361447 6962.9879 5988.1505 5995.7487 8905.0646 75.6283 135.95201 -20.589064 170.19322 48.309548 355.28166 0.292578
3400 403.27922 0.052127605 -5.0882587 -5.0361311 7126.541 6305.4096 6104.7323 8969.4809 -15.201112 152.28102 -28.317499 170.19322 48.309548 355.21014 0.278295
3500 403.91588 0.052209899 -5.0883272 -5.0361173 7276.0981 6230.0744 6359.8458 9238.3742 3.9622321 214.92826 -94.280334 170.19322 48.309548 355.13861 0.297348
3600 403.26183 0.052125357 -5.0882281 -5.0361027 7597.957 6578.5912 6599.8361 9615.4438 -81.479838 232.00679 -121.99072 170.19322 48.309548 355.06708 0.306341
3700 404.26617 0.052255178 -5.088343 -5.0360878 7777.7971 6741.9069 6780.5091 9810.9753 -34.016132 77.69359 -64.923452 170.19322 48.309548 354.99555 0.305556
3800 403.99373 0.052219962 -5.0882918 -5.0360718 7936.1418 6832.2639 7016.0543 9960.1073 25.131282 165.69984 -14.421819 170.19322 48.309548 354.92402 0.305405
3900 403.20612 0.052118156 -5.0881736 -5.0360555 8201.8446 7306.2786 7055.6603 10243.595 -11.255595 171.31221 -114.5218 170.19322 48.309548 354.85249 0.309104
