0 200.5122 0.025918074 -5.1157842 -5.0898661 4.7270269 36.445519 -12.26288 -10.001558 39.948607 196.06685 -7.5524446 169.86491 48.215894 356.95703 0.0350076
100 200.64491 0.025935228 -5.1158046 -5.0898694 264.93137 267.81038 244.3775 282.60624 150.10655 117.22996 -24.799178 169.86491 48.215894 356.88564 0.0334342
200 200.44541 0.025909441 -5.1157814 -5.0898719 446.34749 254.9756 469.8682 614.19867 -1.3744413 94.464592 -10.424126 169.86491 48.215894 356.81424 0.0353734
300 200.69678 0.025941933 -5.1158156 -5.0898737 653.96815 368.11184 655.29491 938.49769 43.221642 150.74646 -46.04819 169.86491 48.215894 356.74285 0.056934
400 200.14238 0.025870272 -5.1157452 -5.0898749 947.52801 737.49595 892.92287 1212.1652 63.424407 200.38223 -47.873012 169.86491 48.215894 356.67146 0.0561333
500 200.63499 0.025933945 -5.1158096 -5.0898756 1084.55 842.37477 1046.3716 1364.9036 140.54403 146.91118 -104.15553 169.86491 48.215894 356.60007 0.0603828
600 200.31601 0.025892715 -5.1157683 -5.0898756 1324.1097 1117.4562 1184.1543 1670.7185 106.10626 118.81835 10.777291 169.86491 48.215894 356.52868 0.0591713
700 200.6748 0.025939091 -5.115814 -5.0898749 1563.0822 1261.8836 1395.7849 2031.578 54.299123 103.92299 -72.572699 169.86491 48.215894 356.45729 0.0751227
800 200.80559 0.025955997 -5.1158296 -5.0898736 1765.8181 1453.1884 1579.0906 2265.1753 34.611403 270.70974 -94.898395 169.86491 48.215894 356.3859 0.0907417
900 200.57229 0.025925841 -5.1157975 -5.0898717 1959.888 1604.1951 1739.8615 2535.6073 66.141221 161.19234 21.982297 169.86491 48.215894 356.3145 0.092309
1000 200.73688 0.025947116 -5.1158162 -5.089869 2226.6046 1753.7003 2044.3952 2881.7183 175.34465 191.19667 -9.7430372 169.86491 48.215894 356.24311 0.11096
1100 200.54657 0.025922516 -5.1157883 -5.0898658 2459.5129 2086.5275 2219.2886 3072.7225 112.03259 121.00891 -56.286667 169.86491 48.215894 356.17172 0.0974867
1200 201.67555 0.026068448 -5.1159306 -5.0898621 2591.8289 2151.6711 2260.4824 3363.3331 148.67106 136.93065 -63.538473 169.86491 48.215894 356.10033 0.12177
1300 201.11838 0.025996428 -5.1158541 -5.0898577 2846.6784 2362.5483 2499.871 3677.616 91.416406 79.571364 -121.71424 169.86491 48.215894 356.02894 0.128693
1400 201.48857 0.026044279 -5.1158968 -5.0898525 3129.3062 2662.8502 2724.2074 4000.8609 66.295759 168.78683 -127.56375 169.86491 48.215894 355.95755 0.13636
1500 201.28312 0.026017722 -5.1158643 -5.0898465 3264.1525 2752.9578 2834.5715 4204.9282 68.058671 149.16149 -32.102623 169.86491 48.215894 355.88616 0.144226
1600 201.1985 0.026006785 -5.1158469 -5.0898401 3524.1533 2962.349 3158.959 4451.1519 64.169752 135.39923 -13.243937 169.86491 48.215894 355.81476 0.142491
1700 201.1425 0.025999546 -5.1158328 -5.0898332 3727.2407 3285.7125 3214.3986 4681.6112 43.104859 210.62636 -18.107226 169.86491 48.215894 355.74337 0.148082
1800 201.23708 0.026011771 -5.1158374 -5.0898256 3912.6055 3245.4204 3453.3511 5039.0451 10.158736 172.66588 -11.487546 169.86491 48.215894 355.67198 0.172555
1900 201.19664 0.026006544 -5.1158239 -5.0898173 4144.9091 3479.0609 3665.8341 5289.8324 19.319968 187.15348 -1.6289221 169.86491 48.215894 355.60059 0.17555
2000 201.12604 0.025997419 -5.1158058 -5.0898084 4346.7961 3633.6979 3796.8392 5609.8513 132.92611 211.56157 3.9969218 169.86491 48.215894 355.5292 0.194852
2100 201.61422 0.026060521 -5.1158592 -5.0897987 4662.2367 3983.9809 4030.9005 5971.8287 18.122356 161.91367 -22.508989 169.86491 48.215894 355.45781 0.198535
2200 201.22326 0.026009985 -5.1157986 -5.0897886 4804.8781 4113.9051 4143.709 6157.0204 -11.168628 137.50668 33.303028 169.86491 48.215894 355.38642 0.204322
2300 201.69035 0.026070361 -5.115848 -5.0897776 5053.1891 4332.5385 4381.4523 6445.5764 72.880942 140.39487 8.599489 169.86491 48.215894 355.31502 0.210695
2400 201.08916 0.025992652 -5.1157588 -5.0897662 5254.5815 4549.1671 4417.4739 6797.1035 83.577073 159.77962 -69.889585 169.86491 48.215894 355.24363 0.234068
2500 201.3981 0.026032584 -5.1157866 -5.089754 5427.0252 4649.3936 4715.6862 6915.9958 132.3829 93.105655 -17.774486 169.86491 48.215894 355.17224 0.225192
2600 201.37013 0.02602897 -5.1157703 -5.0897413 5672.2623 4882.1619 4909.0758 7225.549 82.361746 190.48732 -17.203963 169.86491 48.215894 355.10085 0.23578
2700 202.08107 0.026120865 -5.1158489 -5.0897281 5848.7515 5154.6889 4946.7197 7444.8459 108.19127 98.054738 36.444331 169.86491 48.215894 355.02946 0.241501
2800 201.45867 0.026040414 -5.1157546 -5.0897141 6118.6492 5220.6178 5270.1222 7865.2076 87.980298 212.15329 -72.601234 169.86491 48.215894 354.95807 0.26532
2900 201.7522 0.026078356 -5.115778 -5.0896996 6303.7605 5394.1554 5554.3304 7962.7956 130.24965 157.48624 -48.837789 169.86491 48.215894 354.88668 0.251885
3000 202.42022 0.026164704 -5.1158493 -5.0896846 6517.9854 5487.0388 5691.9033 8375.0142 88.017272 187.78006 40.672066 169.86491 48.215894 354.81528 0.281509
3100 201.74927 0.026077977 -5.1157465 -5.0896686 6742.3639 5830.029 5811.554 8585.5088 66.805665 158.36708 -48.375168 169.86491 48.215894 354.74389 0.278201
3200 201.92689 0.026100936 -5.1157531 -5.0896521 6917.0494 5918.0928 5945.6419 8887.4133 109.62669 176.30507 -64.479404 169.86491 48.215894 354.6725 0.297953
3300 201.58289 0.026056471 -5.1156913 -5.0896348 7141.883 6066.8482 6144.6547 9214.1462 67.834568 222.48454 -96.537018 169.86491 48.215894 354.60111 0.313957
3400 202.05731 0.026117794 -5.115735 -5.0896172 7427.2325 6409.0794 6484.591 9388.0271 47.771438 206.97289 -10.967208 169.86491 48.215894 354.52972 0.29649
3500 201.95689 0.026104813 -5.1157035 -5.0895987 7670.2991 6566.5971 6663.1539 9781.1463 136.38061 197.55989 -95.370617 169.86491 48.215894 354.45833 0.319882
3600 201.86023 0.026092319 -5.115672 -5.0895797 7852.1368 6713.2639 6888.2286 9954.918 73.719476 180.3805 -135.46223 169.86491 48.215894 354.38694 0.318445
3700 202.08828 0.026121797 -5.1156819 -5.0895601 8035.866 6764.2161 6976.4719 10366.91 120.37278 139.76392 2.4257368 169.86491 48.215894 354.31555 0.351594
3800 202.29665 0.02614873 -5.1156886 -5.0895398 8277.6818 6995.4155 7264.3071 10573.323 51.349786 121.94017 -36.613548 169.86491 48.215894 354.24415 0.345951
3900 201.80903 0.026085701 -5.1156045 -5.0895188 8571.7934 7412.579 7414.279 10888.522 31.332565 123.14754 -75.079908 169.86491 48.215894 354.17276 0.348448
